[[0.24292586963279306, 0.49908013273240553],
[0.5282416107507817, 0.5],
[0.05908929274435212, 0.4999968296760713],
[0.3859482513849094, 0.5003537286489415],
[0.7078102700175425, 0.5],
[0.12745950029546527, 0.5000181353973958],
[0.4487873635344995, 0.5001832146504832],
[0.23795104716043647, 0.638154737483494],
[0.33239095606869135, 0.4869470581420789],
[0.20548722799192748, 0.5153349878335474],
[0.1371601725046247, 0.4442836316009735],
[0.23943382439847571, 0.36604901524652633],
[0.6000034278320471, 0.5],
[0.8132569028803895, 0.5],
[0.08031317787666767, 0.7315732219483825],
[0.4701626988690367, 0.5000109611696982],
[0.2887924369556384, 0.512022385631429],
[0.13741111934147351, 0.31973836179424575],
[0.1476922112097923, 0.5892010201836162],
[0.35429072882680596, 0.5001000310432382],
[0.2735434800399613, 0.4317649912529923],
[0.5059512608269053, 0.5],
[0.40748663926028467, 0.49996647009223955],
[0.28733426961746095, 0.49869072560921485],
[0.16073536575797948, 0.4782365921472561],
[0.29572742977186695, 0.5422162272458959],
[0.19836114902390434, 0.40594381005264424],
[0.09148404443045904, 0.5002066145955392],
[0.33193160924841697, 0.45683496740765595],
[0.304178576938084, 0.500245840838884],
[0.2748171114864133, 0.5864142242562195],
[0.15909302203107983, 0.5220509887020827],
[0.6388005046902099, 0.5],
[0.09383298959736328, 0.18532858423331927],
[0.19604303737339862, 0.7141354109679664],
[0.428548182739248, 0.5000954292027187],
[0.35113075971732344, 0.5524831244708353],
[0.565834055393799, 0.5],
[0.9172012926759086, 0.5],
[0.2621420371637766, 0.482821450020213],
[0.22555619927824638, 0.5002102428261272],
[0.20625365955694985, 0.5493474660191892],
[0.0810145246313976, 0.9622675419901554],
[0.08023506370607245, 0.5600610809052126],
[0.17699226203836885, 0.496766405048666],
[0.13253038010415172, 0.67853196823053],
[0.08226575246783516, 0.44499859326149543],
[0.19678514140871295, 0.28558849198697156],
[0.12913873570502674, 0.3748879580683317],
[0.20823588621521688, 0.44879421581333034],
[0.32552760192270375, 0.5134140156773818],
[0.18559359281654614, 0.591939837277408],
[0.2989935862364864, 0.3941247145551334],
[0.7477200893151241, 0.5],
[0.1448948479761605, 0.49946944281904215],
[0.1341573258033805, 0.5551868350365046],
[0.27240935287250956, 0.5006259936748692],
[0.24068789211258276, 0.5377068598868331],
[0.37462481194451525, 0.4820373648422169],
[0.683886886199087, 0.5],
[0.19912916033017017, 0.3734074670029019],
[0.19080747906619994, 0.6273732077156089],
[0.2330169104712669, 0.39425344185916766],
[0.47593807527262844, 0.5160233398241926],
[0.31871645708134694, 0.4992766973176076],
[0.08050281272128579, 0.6615543200441887],
[0.2967145871878737, 0.4546379315705577],
[0.4318511682018465, 0.4726041728832806],
[0.16100898519806756, 0.5004199845218894],
[0.08540462988263878, 0.3472471312659311],
[0.43198284611511695, 0.5278247495342125],
[0.3504612298142957, 0.48136033787102717],
[0.4181052255485883, 0.499980998128816],
[0.08543415219589354, 0.061085441946839014],
[0.3751340800440096, 0.5001230014694055],
[0.19350664542681129, 0.49959306135786036],
[0.8635410155377898, 0.5],
[0.2799669595069932, 0.4744073737883027],
[0.1713886249168099, 0.44009773311284495],
[0.24330296190122236, 0.46151359260695246],
[0.5511810033126785, 0.5],
[0.25802981264342895, 0.6117135289335041],
[0.26723609553041733, 0.5594102813288435],
[0.2250405506827002, 0.668476631616246],
[0.3747200621393151, 0.5305722865306529],
[0.11296159270184106, 0.5198249087328006],
[0.07445627876497071, 0.5003243722472601],
[0.3319993159664773, 0.5886071671917483],
[0.40013615777459505, 0.4744531592295901],
[0.7818322627703165, 0.5],
[0.21003398678178625, 0.4977175953381224],
[0.6187467769517137, 0.5],
[0.23224476997645419, 0.5134429279322841],
[0.15913272816844995, 0.22922706208628474],
[0.08606884482750557, 0.4022127299470014],
[0.26583042607556195, 0.39303364282847897],
[0.07776691347048492, 0.5231826768233501],
[0.17174710603806675, 0.5547375133527879],
[0.1361820288969566, 0.5194050267222569],
[0.34544518419335474, 0.5205714573828553],
[0.1948582827587467, 0.4775989449372515],
[0.4759527329361473, 0.48404613365857596],
[0.10107347376559425, 0.8312814648188366],
[0.3966500147871952, 0.4998737139173298],
[0.33179263525571023, 0.5004098234753822],
[0.29530440556314036, 0.6107104369035894],
[0.2540899847339852, 0.512748370986136],
[0.1633527537852991, 0.39709079957225435],
[0.07289379645161359, 0.28037155479342596],
[0.45888609003660974, 0.499898287745449],
[0.10636507132270873, 0.4671943806162998],
[0.1729960150043568, 0.34675305911203425],
[0.11003566727189856, 0.4983175279415222],
[0.2403543265705982, 0.4303058684370166],
[0.364758662659321, 0.4985185572163348],
[0.24839607629975768, 0.3294560959884085],
[0.1813113462797893, 0.5144681568472826],
[0.23753710839444767, 0.5704440560457136],
[0.2715514431165637, 0.5259516291487879],
[0.5828383118546288, 0.5],
[0.16562392797338835, 0.7719185429684761],
[0.3430543343525292, 0.424076480185887],
[0.31400870533916775, 0.47940112478896496],
[0.2576657085298598, 0.49906028964392835],
[0.4388517358574132, 0.49981722004347734],
[0.34334547005120614, 0.5002400406299069],
[0.5175000824033127, 0.5],
[0.2224515518322336, 0.6044106132553012],
[0.23208273139936433, 0.48486030038765277],
[0.661005110183811, 0.5],
[0.3276537688151667, 0.5419738687220967],
[0.4816462440654035, 0.5000082385014919],
[0.13896898518508863, 0.6269078632317944],
[0.4008255086852659, 0.5237465345338457],
[0.30718198105540895, 0.5150518750359494],
[0.13317085705796794, 0.47946250743111035],
[0.36476179703450806, 0.5108557831668844],
[0.09217826790098108, 0.6183108646148786],
[0.1755091007787513, 0.6601135422137147],
[0.3602770928295396, 0.4554584431939105],
[0.1147039363590146, 0.42104725802706533],
[0.49349806863536727, 0.5],
[0.31009542175686267, 0.42808801092434395],
[0.10057549197099883, 0.5393983504371362],
[0.5392048728483754, 0.5],
[0.2150475136494585, 0.3379479244915492],
[0.07832452589187883, 0.4785840278351813],
[0.298105045658854, 0.48812035552820066],
[0.10210829207721017, 0.5807472379911671],
[0.30769031291372106, 0.5695786352503311]]