[[0.4136894444415583, 0.5000950256224089],
[0.18861631494311257, 0.4999999834450975],
[0.6389570922837904, 0.5],
[0.28939500783223976, 0.5000975057910534],
[0.5490469571334607, 0.5],
[0.4590558039580035, 0.500090816131058],
[0.3710732233071873, 0.49999878983326274],
[0.7291842871181511, 0.5],
[0.32362388644514634, 0.48952119674646843],
[0.23363504942210594, 0.49998718576142526],
[0.5024439736211318, 0.5],
[0.5963795016060105, 0.5],
[0.21113424178650075, 0.5000146706490229],
[0.27862306324899055, 0.5000084776126549],
[0.38099079275846326, 0.49999794351447263],
[0.6821874005020836, 0.5],
[0.8181981904626121, 0.5],
[0.23352939732660094, 0.46158673907905823],
[0.3489547495537057, 0.5088590908800911],
[0.2561553578140418, 0.500028859173743],
[0.44323072415570597, 0.499296295463175],
[0.23470269862474102, 0.564472141966712],
[0.5727010142451664, 0.5],
[0.09853660898369501, 0.5],
[0.4828089301755529, 0.5],
[0.30116068356370657, 0.5178993183987778],
[0.39534742332342415, 0.5],
[0.34895387148409757, 0.49114244135883806],
[0.30120200663811886, 0.4914478941883562],
[0.6547984121273998, 0.5],
[0.4359363856917789, 0.5000148046686017],
[0.3236731289104582, 0.5088372527046019],
[0.5241395089220788, 0.5],
[0.20756631264808914, 0.3215175550711224],
[0.2781959338115258, 0.46824794835092853],
[0.2101914919631908, 0.5261222332054096],
[0.3011454973873972, 0.49998814344673476],
[0.3700994656611018, 0.5114659312453975],
[0.3330178365444928, 0.4778827175785267],
[0.4731497851289975, 0.49999856585076713],
[0.2100084556313464, 0.4748045701725121],
[0.28311050561549495, 0.5318622817175626],
[0.2797347366012619, 0.5085209799493445],
[0.42855309506007166, 0.4999806917175721],
[0.37009667796658957, 0.4885117716561219],
[0.28937208951130317, 0.47828434093884636],
[0.20077507062945277, 0.8177759649396896],
[0.49476851509482667, 0.5],
[0.39031671981067134, 0.4931213894593428],
[0.5582955989449296, 0.5],
[0.5136708440672636, 0.5],
[0.25774146128605024, 0.5241918151013399],
[0.40134372197279244, 0.511287572930327],
[0.23527649221978436, 0.4351403921118274],
[0.232927861881231, 0.47758205585115965],
[0.6258187863347369, 0.5],
[0.16876976338741612, 0.5010903157410069],
[0.778582259941057, 0.5],
[0.21118257203435925, 0.6157227880120307],
[0.5321544838292611, 0.5],
[0.4011628076572434, 0.5000107635064198],
[0.008131476971392992, 0.5],
[0.5820827326830731, 0.5],
[0.2000583781634784, 0.4999966438966714],
[0.3905742991625198, 0.49999987097311693],
[0.7494266702546803, 0.5],
[0.6695803009598685, 0.5],
[0.3329422158986153, 0.5093417995276347],
[0.6122767182876783, 0.5],
[0.41352563539407006, 0.4864032579037561],
[0.27980005817839043, 0.49208846237590254],
[0.3146200839922469, 0.49971532571335925],
[0.21073065142174038, 0.4891854124388462],
[0.3190749102690851, 0.4742435974029463],
[0.20887239499532928, 0.5475812439753281],
[0.6942913583417447, 0.5],
[0.9147180353949779, 0.5],
[0.3487463157140719, 0.479245064719322],
[0.31869695806838366, 0.5183444782301988],
[0.2559797458923676, 0.4771031862876597],
[0.23382406049626842, 0.5215049609222545],
[0.22246029513608456, 0.49999539212182714],
[0.4511894243528571, 0.49995131377140584],
[0.31920833939952437, 0.5290114098723115],
[0.2820753106178237, 0.5192646518613564],
[0.5912989090309309, 0.5],
[0.28935567437522536, 0.5096943915785394],
[0.21072527264079138, 0.42676593768774324],
[0.3329370131343153, 0.49065281321982385],
[0.29947076256551286, 0.4675030139572525],
[0.23336783506378928, 0.5097642012689472],
[0.26756372563140135, 0.5000088747612617],
[0.34874384534175723, 0.5207575242130643],
[0.3580562197167768, 0.5],
[0.5399528815638913, 0.5],
[0.390264153671242, 0.5154751040419566],
[0.21067284522939983, 0.5111689777195668],
[0.30096993806191047, 0.5309358936491129],
[0.4206322650842619, 0.4999592037809869],
[0.2562798036473873, 0.5107540045085225],
[0.24508813039019625, 0.5],
[0.23352409820317738, 0.48980553242077113],
[0.20077507062945277, 0.18222403506031043],
[0.6018848962404997, 0.5],
[0.2103152500018195, 0.4539808428332629],
[0.8658036617069349, 0.5],
[0.44567720260552157, 0.5087983042363197],
[0.3156365315739099, 0.48968161810777383],
[0.41268746273687074, 0.5092666593963561],
[0.3012190797826416, 0.5083210516427875],
[0.430764035635991, 0.490973427148509],
[0.4679741924654276, 0.5001941113089627],
[0.40906624173222483, 0.5002100408844387],
[0.30135895012371056, 0.48122508747143855],
[0.401116190354153, 0.4890313814301086],
[0.41209335037321415, 0.49366854967960455],
[0.3701585133006505, 0.5058592836391532],
[0.32363532189230826, 0.4999252585523124],
[0.2338543186668522, 0.5376644224364058],
[0.21009678788373484, 0.5748136212781905],
[0.37151517693311376, 0.48011416934738194],
[0.5657474451526401, 0.5],
[0.33300455680947383, 0.5220585160478184],
[0.34603141921900965, 0.5000001049897158],
[0.20758121086055117, 0.6808428702445531],
[0.3903248249099273, 0.5068761808208891],
[0.3701603738009844, 0.4941238744569836],
[0.2560590654962714, 0.45798523457704465],
[0.2893243608793258, 0.49107195573624696],
[0.3686284673748553, 0.4999996993849854],
[0.37151882727565494, 0.5198745513591749],
[0.3509154116720251, 0.5000005038471842],
[0.7129499673631234, 0.5],
[0.4303445403191951, 0.508777885688883],
[0.38067939909956483, 0.48913491852075575],
[0.3156636935174155, 0.5087040455847082],
[0.4590591440591272, 0.49210765185439737],
[0.28143504737774566, 0.5000448726401473],
[0.4906634027153088, 0.5],
[0.21111953632028663, 0.38641571203872593],
[0.3335305697742251, 0.4999965225920957],
[0.4767983580529852, 0.5],
[0.25640560532735057, 0.489919818526626],
[0.16645415429223678, 0.46215408511834133],
[0.8426243046498356, 0.5],
[0.38068372456965593, 0.5108420357372869],
[0.645914256086787, 0.5],
[0.27950918182586704, 0.48252777762806276],
[0.2568617230357029, 0.5427658807448063],
[0.39024761775975303, 0.48449287946822045]]