[[0.413419605817118, 0.5032123640550804],
[0.18861696891658475, 0.4999999861165949],
[0.6389571429996317, 0.5],
[0.28932330943027607, 0.4936221004868515],
[0.5493795365640385, 0.5],
[0.4597647632077465, 0.4999999180692642],
[0.370115039448045, 0.49992221796744984],
[0.7290845757795172, 0.5],
[0.32360792137328914, 0.4955027475975798],
[0.2336352721743903, 0.49992560820236187],
[0.5040545177125693, 0.5],
[0.5963795016060105, 0.5],
[0.2111342925001604, 0.4999603544407795],
[0.27862361201665314, 0.4999776596452482],
[0.3807849066318372, 0.49996900022907775],
[0.6821874005020836, 0.5],
[0.8193742891776332, 0.5],
[0.23416832789667963, 0.4458248696487666],
[0.34599507479780695, 0.5078218769122558],
[0.25615649192405915, 0.4999478632734898],
[0.4432168980690868, 0.500001306023159],
[0.23172883790877474, 0.5812912448231907],
[0.5723470689690324, 0.5],
[0.09853660898369504, 0.5],
[0.4857587341300294, 0.5],
[0.30122827899871435, 0.5141374090196369],
[0.3953472394758777, 0.4999866515250154],
[0.34598901442748986, 0.4963643817907253],
[0.3012310129023185, 0.49021686237858253],
[0.6525411579081436, 0.5],
[0.4360272757066501, 0.507099416992157],
[0.32358848253506817, 0.5166585692946706],
[0.5262624937181793, 0.5],
[0.20643125508613705, 0.29711965595592826],
[0.2680932458229087, 0.4728212509677268],
[0.21114453895761032, 0.5284648685772667],
[0.3011289841216776, 0.5001156459486875],
[0.3703556820752714, 0.5134280077410783],
[0.33302374367480836, 0.4740281948328715],
[0.4731263445266216, 0.5],
[0.2115189900429436, 0.46954582402400935],
[0.2766137182792024, 0.5406720976705487],
[0.27833866260726514, 0.5086844908029439],
[0.4273958670194351, 0.49989051036078985],
[0.37029252228788034, 0.48844142361141235],
[0.2894272105241224, 0.4766503806052154],
[0.20041653330769094, 0.8181707599205994],
[0.49473607464691394, 0.5],
[0.3904159600640814, 0.49275340874295837],
[0.560109092886423, 0.5],
[0.5136997806150114, 0.5],
[0.2548843014167249, 0.53353273261573],
[0.4009906922351201, 0.5109332918180624],
[0.23348120909108702, 0.42321220676383864],
[0.23433064150096142, 0.4843110486137526],
[0.6270968926669547, 0.5],
[0.16602557226935438, 0.5005309308450854],
[0.7720147092956223, 0.5],
[0.2089841439917399, 0.6397868807547766],
[0.5321970934841915, 0.5],
[0.40109689863280107, 0.5001461474200144],
[0.008131476971392992, 0.5],
[0.581404787994929, 0.5],
[0.2000497474507447, 0.4999826354614878],
[0.3905984460635888, 0.5000638357674507],
[0.7532696378529483, 0.5],
[0.6663837323852144, 0.5],
[0.3327975759607182, 0.5061009833404111],
[0.6067038182772648, 0.5],
[0.4140149373335615, 0.4845089841785101],
[0.2797289720801207, 0.4896778953727471],
[0.31171771548942434, 0.5000038313142922],
[0.2110988842972785, 0.48062704182359295],
[0.3153598501654134, 0.4838641995076512],
[0.21035419672101902, 0.5575046297029081],
[0.6996202648788092, 0.5],
[0.9078491010079718, 0.5],
[0.34954692525377773, 0.4841880669289913],
[0.31529874668805796, 0.5166040909581118],
[0.2565473260338543, 0.48299470207791173],
[0.22247886685839213, 0.5217643218128954],
[0.22247671110484357, 0.5091225830995556],
[0.45112137028259897, 0.5],
[0.32361408717176515, 0.5281915734640402],
[0.2795596927747082, 0.5203076978740476],
[0.5913172841535943, 0.5],
[0.289372083101889, 0.5080636979840264],
[0.2104428077543522, 0.4176580368603748],
[0.3332253080196592, 0.48346296873924904],
[0.3008736925667433, 0.4653021712291795],
[0.2340479234198346, 0.5126729502003897],
[0.26754831298281484, 0.49985856403636847],
[0.34858849339484255, 0.524368390425058],
[0.3580646366017003, 0.49998210841211305],
[0.5399355019205161, 0.5],
[0.39049211088520364, 0.5169988539090838],
[0.2110981980753412, 0.5181482316935982],
[0.3010652320481083, 0.5339668890985129],
[0.42062266502347073, 0.5000154114372152],
[0.2566909413816327, 0.5135983117720245],
[0.24510090711522728, 0.4999684859605693],
[0.23365205405379258, 0.49258160921007355],
[0.19986766135832704, 0.09918658100435779],
[0.6017377453378081, 0.5],
[0.210312585783339, 0.45525679006673864],
[0.8658036617069349, 0.5],
[0.4432313538984436, 0.5089845979760845],
[0.31572769754866503, 0.49179123051606033],
[0.41244145407452837, 0.5143359462232515],
[0.30119911525535703, 0.5074247578323853],
[0.4331373980347145, 0.4928811646554325],
[0.46800912624216606, 0.5],
[0.40690863089280677, 0.4999842418042541],
[0.3012770730860127, 0.4753010896344951],
[0.4016358308782434, 0.48423677680206095],
[0.41282591183494144, 0.4954579799909127],
[0.36918254838028225, 0.5035602988432984],
[0.32364943228627474, 0.5001320054855393],
[0.23250555414630386, 0.5442814498215558],
[0.20991482409226886, 0.5773624867527397],
[0.37055031389693344, 0.48025045571273217],
[0.5658445300208333, 0.5],
[0.3330053130191539, 0.5262400167830749],
[0.346043507889266, 0.5002050760483889],
[0.2079350434065248, 0.6790022968875663],
[0.390557105512037, 0.50405975351563],
[0.3700384995884057, 0.49395583593839276],
[0.2563156012393804, 0.4527982549723916],
[0.2893910875840727, 0.4870971760424153],
[0.36862773735978926, 0.4999444196548977],
[0.3696720666698074, 0.5209404655844189],
[0.35091148043144976, 0.500002793872091],
[0.7139667754567807, 0.5],
[0.4294111082198359, 0.506607343141322],
[0.38059246050495665, 0.4834193096510213],
[0.3157276378401164, 0.5082661365990296],
[0.4606692424744463, 0.4923483504585584],
[0.2814373650358051, 0.49995234928640764],
[0.49443665368318335, 0.5075377146783976],
[0.21116152092835366, 0.3891841699560028],
[0.33364596749703757, 0.5000620012035866],
[0.4767782849946888, 0.5],
[0.25614359217429505, 0.49195940045319253],
[0.1675354664375147, 0.4514545003912666],
[0.8426243046498356, 0.5],
[0.3810729002744865, 0.5131265198923012],
[0.6459085192543319, 0.5],
[0.2797111470509644, 0.4747963581425393],
[0.2541798160348163, 0.5496167157540086],
[0.3903272281106231, 0.48804553148227353],
[0.7981735248252257, 0.5],
[0.348447403521904, 0.4755556080596201],
[0.3746787828657277, 0.4998872519895829],
[0.17868571877965983, 0.5000334679867744],
[0.4586430078595256, 0.5],
[0.16647370388193905, 0.5389189095764026],
[0.2086672045978086, 0.3472312175353909],
[0.3236585559245153, 0.489817683814878],
[0.28148502047048324, 0.5082570802837809],
[0.21112409020029693, 0.4963402198515891],
[0.28944250146612177, 0.5173724202354661],
[0.21112462370901286, 0.5032982663676249],
[0.33330805136799513, 0.5171211923941447],
[0.40100484272395376, 0.49290351131051013],
[0.27978783074022107, 0.49488129719636],
[0.34593259597622905, 0.4905443702613863],
[0.4811990907812522, 0.5],
[0.6141904570228001, 0.5],
[0.19953973709510706, 0.4902994291775481],
[0.21078893350202618, 0.43873667322213905],
[0.4431846975894606, 0.4910679315400348],
[0.31961161043506103, 0.46663547714039866],
[0.9991078007210512, 0.5],
[0.47625978156683557, 0.5078421839916014],
[0.25612898065622547, 0.5065369569711983],
[0.2343030626129068, 0.47417943792824385],
[0.3512589452897786, 0.5078513056628932],
[0.25728904136459085, 0.5223502458386511],
[0.4310344374493336, 0.49997625597053724],
[0.4907514123576908, 0.5],
[0.4262889877359622, 0.5128862813826722],
[0.6916729168128741, 0.5],
[0.3012534243409265, 0.48369254585516586],
[0.21015268485477, 0.5418024519535583],
[0.3490627917309517, 0.5154397039353823],
[0.39041586961667146, 0.5090915078417501],
[0.4359767777378246, 0.4999612100943715],
[0.32366289042155777, 0.48130345196562574],
[0.2823746512490339, 0.4627638152353542],
[0.19986766135832704, 0.9422139711989563],
[0.3328504012664178, 0.49447340462905054],
[0.551484779861692, 0.5],
[0.2336685289602995, 0.5324506286860411],
[0.3153953158765162, 0.5281661043458146],
[0.2893474581351518, 0.5286747289949827],
[0.279567792333715, 0.5038549704690013],
[0.5550063565670076, 0.5],
[0.4606686648173749, 0.5076496280528621],
[0.30115751572440985, 0.49502157450554757],
[0.4136959331988338, 0.4999255101141028],
[0.36943389458817316, 0.5081155663423959],
[0.47625978156683557, 0.49215781600839864],
[0.2345948592354218, 0.5214967488182628],
[0.7417256996007084, 0.5],
[0.49443665368318335, 0.4924622853216024],
[0.19951597539282914, 0.509222356601974],
[0.25512748328791457, 0.47030320144957727],
[0.3159607724478665, 0.5000023699790384],
[0.31801593071198914, 0.4742702908930581],
[0.4516400369936524, 0.5066874791875119],
[0.3236378461814479, 0.5078731542169552],
[0.4116884250923424, 0.5076283703557205],
[0.41027503387801356, 0.5000463316348372],
[0.30120953530449457, 0.5231499576093963],
[0.3744205525272451, 0.5068334467468654],
[0.38531278398935037, 0.4999594622220305],
[0.3512765940857028, 0.4921352063894433],
[0.2108100187242456, 0.6044908590405993],
[0.23365261675926224, 0.5054262526269677],
[0.6735165577988439, 0.5],
[0.37742693652914977, 0.5191502695736265],
[0.6587366487286033, 0.5],
[0.5224047588037766, 0.5],
[0.27983347912741924, 0.5139439418205535],
[0.2226018517237639, 0.4846560399233451],
[0.200992848854523, 0.20215302403373908],
[0.27820727815070445, 0.528503850272647],
[0.21112120373447657, 0.4893356156354567],
[0.5863096236891213, 0.5],
[0.22246421009625916, 0.4998113483016304],
[0.21111509491971836, 0.5100164053344044],
[0.16576448821107423, 0.4798944591195161],
[0.2337594090261242, 0.4619475134568803],
[0.3328015053866508, 0.4901021635069461],
[0.28939864664199866, 0.5001572450863715],
[0.3808421468909833, 0.49289411876550815],
[0.5011661075786686, 0.5],
[0.19927833035797807, 0.5241259149270395],
[0.27970130673871435, 0.4830295994877287],
[0.4516378694083695, 0.4933119692111845],
[0.5486722462165865, 0.5],
[0.4115374676195641, 0.4910499609179014],
[0.33287424796434456, 0.5105959388182519],
[0.4272402945347308, 0.4896516320408737],
[0.19930518504653233, 0.4745609934303609],
[0.20351691810274655, 0.7434169343101308],
[0.38123161933378, 0.5061781357817154],
[0.3905964686099894, 0.4971211283044046],
[0.2328693955579814, 0.5605909646460214],
[0.39049292394860335, 0.4814786431667017]]